#! /usr/bin/env python

import logging
import os
import multiprocessing
import subprocess
import sys

from lab.experiment import get_run_dir
from lab import tools

tools.configure_logging()

SHUFFLED_TASK_IDS = [670, 359, 966, 594, 668, 1233, 517, 134, 1366, 810, 1299, 300, 371, 767, 841, 219, 449, 94, 1135, 814, 263, 735, 473, 320, 984, 149, 1382, 607, 30, 6, 1318, 217, 620, 31, 547, 64, 550, 661, 1055, 1296, 1368, 330, 950, 1267, 285, 1139, 273, 262, 707, 261, 1080, 1127, 758, 506, 1168, 352, 44, 782, 543, 1002, 552, 935, 434, 1041, 246, 654, 1369, 162, 339, 474, 513, 656, 1147, 121, 523, 618, 1039, 236, 763, 809, 777, 1374, 994, 1023, 683, 906, 1307, 742, 430, 675, 773, 1346, 975, 1232, 764, 721, 902, 785, 265, 1124, 979, 943, 1062, 472, 730, 1178, 19, 1262, 671, 954, 732, 1243, 275, 228, 749, 637, 1328, 1012, 729, 1342, 61, 205, 1206, 712, 968, 423, 1038, 757, 554, 39, 541, 277, 475, 1040, 3, 224, 233, 822, 817, 756, 825, 623, 279, 418, 1244, 341, 1142, 380, 1283, 622, 288, 303, 997, 144, 1186, 462, 1117, 189, 659, 253, 911, 40, 1343, 514, 536, 703, 866, 642, 225, 792, 645, 420, 803, 585, 326, 819, 1001, 382, 892, 334, 1103, 928, 271, 977, 530, 327, 436, 1333, 21, 555, 1195, 487, 799, 1251, 525, 567, 746, 457, 498, 614, 674, 644, 283, 632, 243, 329, 606, 821, 826, 1316, 1144, 1182, 831, 537, 889, 1121, 363, 1028, 843, 124, 919, 1068, 1018, 595, 88, 8, 157, 1097, 156, 98, 888, 1101, 27, 1261, 1125, 159, 468, 1381, 1165, 878, 385, 160, 896, 1084, 905, 276, 722, 1362, 1290, 540, 128, 1043, 1281, 248, 1310, 9, 556, 655, 584, 503, 467, 1115, 1187, 1284, 348, 289, 23, 545, 66, 260, 1161, 578, 1006, 1026, 634, 573, 478, 1030, 518, 660, 469, 509, 1050, 311, 350, 960, 978, 459, 1219, 1255, 688, 65, 651, 491, 404, 1126, 407, 281, 1181, 653, 812, 372, 28, 725, 1072, 349, 232, 486, 419, 572, 795, 438, 46, 257, 753, 361, 1223, 115, 440, 69, 770, 153, 715, 343, 842, 1042, 969, 511, 1259, 962, 696, 778, 1177, 590, 1249, 1120, 597, 865, 533, 691, 145, 627, 1064, 1059, 92, 376, 455, 431, 1164, 249, 1231, 1354, 629, 1037, 24, 761, 1133, 310, 901, 1218, 1065, 542, 180, 704, 412, 739, 1193, 1000, 296, 489, 847, 904, 335, 1322, 1105, 500, 268, 1297, 1048, 183, 323, 1279, 105, 452, 408, 387, 1008, 1017, 526, 495, 877, 957, 686, 85, 617, 755, 116, 198, 1376, 172, 1210, 1257, 596, 613, 1189, 539, 17, 665, 360, 568, 870, 1253, 855, 1365, 524, 60, 299, 805, 836, 56, 669, 1347, 466, 150, 1238, 292, 790, 20, 388, 1082, 104, 931, 687, 154, 794, 234, 1060, 1171, 179, 1291, 1095, 894, 167, 779, 1077, 930, 178, 29, 1031, 569, 270, 26, 1359, 1288, 427, 1167, 1111, 332, 1141, 1032, 1245, 972, 733, 885, 1083, 680, 839, 1246, 1282, 1183, 999, 871, 1132, 828, 666, 425, 608, 482, 1344, 737, 123, 1197, 1289, 1175, 1081, 429, 367, 895, 426, 652, 358, 989, 664, 1207, 439, 586, 804, 1380, 1337, 1019, 1053, 464, 1087, 1235, 110, 7, 2, 876, 734, 1256, 1138, 316, 103, 10, 143, 922, 576, 494, 287, 1383, 681, 399, 588, 163, 1320, 1268, 32, 1247, 68, 846, 397, 649, 351, 395, 132, 743, 604, 815, 1222, 1156, 422, 544, 775, 379, 256, 325, 1367, 344, 1131, 118, 640, 924, 43, 872, 1339, 1314, 861, 410, 726, 1145, 699, 53, 863, 923, 549, 100, 934, 521, 787, 1029, 643, 362, 476, 290, 566, 1069, 570, 402, 1169, 1319, 953, 1158, 528, 1220, 274, 1152, 255, 724, 1324, 1034, 1226, 72, 238, 598, 740, 920, 1021, 890, 12, 302, 91, 548, 859, 1090, 769, 910, 610, 108, 1063, 125, 1129, 499, 314, 424, 81, 278, 1200, 501, 1016, 1384, 301, 57, 1172, 231, 657, 74, 4, 127, 529, 119, 853, 47, 1058, 561, 1270, 1230, 976, 347, 453, 638, 929, 752, 1277, 97, 1266, 917, 1377, 451, 938, 1260, 635, 83, 223, 483, 58, 1174, 208, 152, 244, 1335, 245, 967, 1236, 280, 823, 914, 818, 375, 695, 90, 184, 1123, 1386, 496, 18, 875, 727, 557, 1074, 308, 1130, 175, 394, 222, 1134, 874, 602, 784, 237, 321, 698, 55, 711, 605, 1112, 808, 909, 1099, 1159, 242, 1004, 788, 625, 682, 67, 1338, 312, 717, 833, 925, 148, 122, 1198, 16, 1007, 1265, 170, 1214, 1211, 177, 546, 477, 835, 1298, 527, 447, 1300, 786, 564, 854, 1049, 970, 879, 582, 133, 867, 893, 239, 197, 284, 70, 356, 1116, 392, 516, 378, 802, 37, 713, 254, 485, 882, 333, 342, 1321, 45, 736, 985, 294, 1109, 1355, 437, 741, 589, 1213, 190, 883, 460, 1242, 1194, 1091, 1329, 490, 11, 891, 1078, 1317, 955, 1061, 869, 1047, 200, 1160, 218, 1254, 824, 599, 759, 454, 293, 616, 936, 297, 1334, 1190, 444, 679, 959, 1228, 456, 1248, 646, 13, 571, 1044, 337, 1191, 941, 667, 781, 201, 140, 897, 837, 1010, 1221, 1035, 708, 971, 619, 168, 728, 628, 71, 213, 1276, 581, 731, 117, 1325, 898, 192, 240, 101, 386, 400, 1327, 565, 505, 641, 559, 111, 916, 384, 196, 1272, 1149, 1357, 1229, 1293, 716, 161, 1140, 762, 417, 304, 983, 182, 793, 370, 1280, 364, 1137, 1208, 54, 522, 87, 214, 204, 373, 416, 114, 774, 884, 813, 318, 780, 933, 381, 796, 845, 709, 600, 252, 484, 1155, 1326, 647, 34, 1046, 1227, 927, 411, 710, 956, 560, 949, 1011, 481, 251, 797, 1332, 563, 1146, 648, 1225, 1136, 1154, 998, 1373, 995, 1085, 322, 1089, 692, 945, 1348, 76, 1264, 1102, 450, 798, 958, 1295, 366, 106, 203, 990, 146, 1308, 706, 1258, 639, 1234, 340, 504, 1352, 1086, 574, 1157, 551, 166, 1336, 868, 383, 1003, 830, 35, 164, 1025, 1313, 944, 1312, 443, 1185, 463, 165, 676, 186, 369, 210, 1204, 209, 850, 510, 964, 806, 324, 1205, 173, 309, 701, 317, 961, 212, 1378, 480, 1113, 630, 700, 1015, 492, 852, 720, 1073, 1192, 315, 991, 579, 169, 684, 963, 215, 502, 1162, 992, 109, 396, 241, 1274, 414, 689, 624, 1306, 1304, 694, 538, 1013, 188, 185, 587, 981, 1076, 194, 702, 1188, 873, 915, 946, 206, 1341, 615, 113, 1128, 458, 881, 1093, 748, 719, 1216, 307, 663, 95, 75, 409, 886, 137, 738, 827, 1184, 102, 575, 982, 84, 158, 129, 79, 50, 398, 860, 1356, 221, 15, 1094, 765, 1056, 592, 714, 1292, 331, 672, 851, 202, 433, 832, 59, 1286, 531, 1173, 1263, 1371, 1379, 1075, 187, 264, 678, 1212, 1202, 258, 171, 432, 135, 155, 80, 365, 1385, 230, 393, 195, 151, 718, 131, 89, 662, 816, 465, 220, 562, 791, 535, 508, 112, 401, 771, 1148, 913, 1199, 403, 354, 136, 772, 947, 745, 295, 580, 428, 1108, 783, 685, 1096, 415, 601, 1024, 939, 313, 266, 446, 291, 811, 768, 319, 1150, 912, 1217, 1375, 512, 448, 840, 1106, 413, 1273, 1349, 142, 353, 1240, 338, 801, 488, 141, 974, 41, 1151, 1361, 693, 723, 1358, 1020, 583, 921, 1110, 747, 820, 1294, 1057, 216, 705, 1372, 849, 51, 988, 1098, 226, 658, 49, 1340, 1252, 138, 78, 1009, 1287, 1301, 993, 107, 73, 776, 986, 126, 298, 1088, 1014, 174, 577, 442, 1122, 286, 176, 1070, 406, 677, 1104, 918, 93, 1250, 948, 1033, 1079, 937, 908, 1022, 207, 1114, 1350, 800, 42, 690, 147, 405, 1302, 139, 973, 1201, 336, 857, 1351, 1305, 1309, 856, 1315, 751, 987, 1170, 844, 1303, 1269, 907, 96, 926, 1118, 1153, 1100, 834, 1067, 858, 328, 1005, 848, 829, 864, 267, 1330, 1066, 1092, 940, 519, 789, 1045, 744, 1285, 1209, 626, 52, 932, 887, 1, 227, 461, 445, 766, 1179, 250, 181, 272, 374, 191, 346, 77, 611, 305, 1275, 636, 345, 631, 247, 1364, 996, 754, 1143, 520, 1239, 1237, 903, 355, 211, 130, 1241, 421, 507, 22, 750, 99, 391, 1163, 229, 82, 951, 25, 389, 558, 1166, 697, 1027, 470, 282, 1196, 435, 1071, 1278, 36, 1345, 193, 1331, 760, 199, 1224, 357, 1353, 807, 1052, 1054, 1215, 673, 48, 900, 621, 591, 515, 880, 1176, 1036, 603, 593, 942, 650, 633, 235, 965, 1363, 532, 609, 1323, 306, 1119, 86, 553, 1271, 1311, 38, 493, 862, 497, 1051, 838, 479, 33, 899, 377, 534, 441, 1107, 952, 14, 980, 1180, 63, 471, 120, 368, 1370, 269, 259, 612, 5, 1203, 1360, 390, 62]

# Make sure we're in the experiment directory.
os.chdir(os.path.dirname(os.path.abspath(__file__)))


def get_run_id(task_id):
    return SHUFFLED_TASK_IDS[task_id - 1]


def process_task(task_id):
    run_id = get_run_id(task_id)
    run_dir = get_run_dir(run_id)
    error = False
    with open(os.path.join(run_dir, "driver.log"), "w") as driver_log:
        with open(os.path.join(run_dir, "driver.err"), "w") as driver_err:
            logging.info(f"Starting run {run_id} (TASK_ID {task_id}) in {run_dir}")
            try:
                subprocess.check_call(
                    [tools.get_python_executable(), "run"],
                    cwd=run_dir, stdout=driver_log, stderr=driver_err)
            except subprocess.CalledProcessError as err:
                error = True
    if os.path.getsize(driver_err.name) != 0:
        error = True
    for f in [driver_log, driver_err]:
        if os.path.getsize(f.name) == 0:
            os.remove(f.name)
    return error


def main():
    pool = multiprocessing.Pool(processes=4)
    num_tasks = len(SHUFFLED_TASK_IDS)
    result = pool.map_async(process_task, range(1, num_tasks + 1))
    try:
        # Use "timeout" to fix passing KeyboardInterrupts from children
        # (see https://stackoverflow.com/questions/1408356).
        result.wait(timeout=99999)
    except KeyboardInterrupt:
        logging.warning("Main script interrupted")
        pool.terminate()
    finally:
        pool.close()
        logging.info("Joining pool processes")
        pool.join()

    if any(result.get()):
        sys.exit("Error: At least one run failed.")


if __name__ == "__main__":
    main()
